>> 5layers, Epoch: 20, LR: 1e-06, DR: 0
--- Train Loss: [47.21861267089844, 46.07314682006836, 45.108333587646484, 44.285850524902344, 43.398956298828125, 42.52399826049805, 41.878440856933594, 41.16532897949219, 40.321231842041016, 39.57540512084961, 39.06913375854492, 38.347312927246094, 37.549903869628906, 36.97419738769531, 36.531490325927734, 35.64187240600586, 35.343326568603516, 34.63842010498047, 34.19926452636719, 33.715354919433594]
--- Test Loss: [51.15970878260757, 50.1615126781053, 49.2004792847774, 48.33108553024478, 47.48628546752438, 46.69168998898631, 45.903617391728446, 45.1389310122605, 44.39207429669833, 43.64891301737686, 42.93688813389739, 42.24700414569067, 41.56440032286854, 40.91408825175848, 40.28010697733424, 39.65748007542858, 39.05988764081303, 38.48911624831557, 37.93192077603267, 37.404762209543065]
>> 5layers, Epoch: 20, LR: 1e-05, DR: 0
--- Train Loss: [44.83283615112305, 38.33652877807617, 34.203125, 30.83710479736328, 28.38518524169922, 26.286937713623047, 24.225059509277344, 22.279592514038086, 20.622821807861328, 19.36106300354004, 18.000572204589844, 16.639572143554688, 15.526790618896484, 14.600465774536133, 13.793758392333984, 12.850579261779785, 12.261881828308105, 11.585140228271484, 11.489544868469238, 11.499847412109375]
--- Test Loss: [45.76147750662587, 40.334689372781014, 36.60822196423046, 33.68507738864269, 31.136741070598504, 28.91754008768655, 26.814520960269434, 24.9290001154404, 23.21333581005585, 21.689717222126824, 20.272208966917113, 19.015644270365748, 17.90934708320513, 16.958417347836036, 16.066711347652934, 15.285670727686826, 14.556294901215416, 13.991295465304413, 13.494206954449636, 13.13265413265644]
>> 5layers, Epoch: 20, LR: 0.0001, DR: 0
--- Train Loss: [26.463815689086914, 13.54263687133789, 10.24194622039795, 9.364161491394043, 9.011226654052734, 8.991414070129395, 8.76055908203125, 8.5888090133667, 8.535940170288086, 8.430541038513184, 8.148120880126953, 8.084650993347168, 8.12000846862793, 8.009425163269043, 8.093498229980469, 8.103025436401367, 8.00269603729248, 8.1102876663208, 7.875205039978027, 7.77398157119751]
--- Test Loss: [19.043053424797414, 12.7440868411284, 11.345033801173386, 10.680396605246296, 10.1791165999221, 10.023333626511386, 9.983885016243251, 9.795266822912565, 9.86098677756731, 9.62236021263195, 9.752593113574493, 9.664675406516784, 9.750869078056803, 9.604346425280267, 9.687616989334007, 9.489812863402989, 9.500355135770826, 9.541515016048589, 9.586211743993735, 9.417218465014583]
>> 5layers, Epoch: 20, LR: 0.001, DR: 0
--- Train Loss: [13.8313570022583, 9.90552806854248, 9.49811840057373, 9.090652465820312, 8.745827674865723, 8.689582824707031, 8.558552742004395, 8.268476486206055, 8.246962547302246, 7.921897888183594, 7.877739429473877, 8.017396926879883, 7.680536270141602, 7.829488754272461, 7.718845844268799, 7.742486476898193, 7.712286949157715, 7.9006781578063965, 7.513143539428711, 7.552675724029541]
--- Test Loss: [11.2697578751837, 9.911212194305376, 10.31802591451497, 9.733493064195407, 9.604799044438659, 9.688618273698706, 9.664352397203475, 9.174472804766994, 9.32464670319958, 9.050592350329469, 9.352361102249995, 9.043167675571668, 9.316263009409932, 9.494988835308781, 9.0547891566372, 9.611986564792552, 8.947169504299758, 9.214004537587538, 8.955895740767344, 9.165273348860236]
>> 5layers, Epoch: 20, LR: 0.01, DR: 0
--- Train Loss: [12.21086597442627, 10.012165069580078, 9.088541030883789, 8.517558097839355, 8.347314834594727, 8.32593822479248, 8.2570219039917, 8.211435317993164, 8.280427932739258, 8.250323295593262, 8.075392723083496, 7.998795986175537, 8.083268165588379, 7.980795860290527, 7.856944561004639, 7.986494541168213, 8.005169868469238, 8.044360160827637, 7.882161617279053, 7.873143672943115]
--- Test Loss: [10.914338542789897, 10.888481362282732, 9.43108709296358, 9.014146245426321, 9.32223216562184, 9.399097596181571, 9.37547672114508, 9.122849125723073, 9.651213397769926, 9.22205990827341, 9.938035270425901, 8.983320450190948, 10.804707090239056, 9.418213599142703, 9.316126335571347, 9.773029496238397, 9.257528431353013, 8.976615845647405, 9.144535940205552, 9.267437246242626]
>> 5layers, Epoch: 20, LR: 0.1, DR: 0
--- Train Loss: [13.478245735168457, 10.596487045288086, 9.612177848815918, 9.117691993713379, 8.990787506103516, 9.084721565246582, 8.944451332092285, 9.226702690124512, 8.603816986083984, 8.62441349029541, 8.67944049835205, 8.36298942565918, 8.558199882507324, 8.057809829711914, 8.183199882507324, 8.048638343811035, 8.1343355178833, 8.192922592163086, 8.131502151489258, 7.967458248138428]
--- Test Loss: [10.962870100859213, 10.64626535496619, 10.781252910939179, 9.776829763576941, 9.948993890893542, 9.190704460405636, 9.372077196674367, 9.321999031867996, 9.417431400286938, 9.398990479222249, 9.878586907990572, 9.42866832495909, 9.329319346408244, 9.158280766218391, 9.639839288214235, 9.846199463480856, 9.170295710781023, 9.18724485967812, 9.056141995281106, 9.261322743133428]
>> 5layers, Epoch: 20, LR: 1, DR: 0
--- Train Loss: [36.85489273071289, 13.917967796325684, 13.587054252624512, 12.493792533874512, 12.283008575439453, 20.12479591369629, 12.961129188537598, 12.464707374572754, 12.58938980102539, 12.369791030883789, 12.374873161315918, 12.754502296447754, 11.80634593963623, 12.194779396057129, 11.884978294372559, 12.334705352783203, 12.437407493591309, 11.632634162902832, 12.299893379211426, 11.892170906066895]
--- Test Loss: [16.06333465925795, 11.716251793137571, 15.977883515877853, 17.24942076156798, 11.094497995225133, 12.833992123400124, 10.969181012017684, 17.621140959354427, 12.29222108833117, 12.265464024409605, 11.08946499999017, 16.963928177845773, 10.48803684986897, 15.063039979189952, 12.37725739771265, 14.86307104362871, 13.042059158744763, 12.397903838757669, 10.852534741072619, 16.101275611224263]
>> 5layers, Epoch: 20, LR: 10, DR: 0
--- Train Loss: [165530.8125, 32.450042724609375, 32.48808288574219, 32.447296142578125, 32.55942153930664, 32.60796356201172, 32.543678283691406, 32.56538772583008, 32.825767517089844, 32.89037322998047, 33.22894287109375, 33.460777282714844, 33.52619171142578, 33.45523452758789, 34.29048538208008, 35.20857620239258, 34.78370666503906, 35.161773681640625, 34.799652099609375, 36.9169921875]
--- Test Loss: [34.40127729799805, 34.41483751927162, 34.38789224046618, 34.738579914290604, 34.29530874249393, 35.54628418722752, 34.29402827272923, 34.87896606822399, 35.24084082485773, 35.39434768877523, 34.32434980021042, 34.33702416946533, 34.29555254451119, 42.32043301318282, 34.269024013506375, 35.377475500903344, 35.92476043763751, 42.544640729037745, 34.274819264533164, 36.45102202751434]
>> 5layers, Epoch: 100, LR: 1e-05, DR: 0
--- Train Loss: [40.596099853515625, 34.376564025878906, 29.9251766204834, 26.520946502685547, 23.761547088623047, 21.505395889282227, 19.71196746826172, 17.70978355407715, 16.216346740722656, 15.227431297302246, 13.975255966186523, 13.3928861618042, 12.927209854125977, 12.168353080749512, 11.967329025268555, 11.158357620239258, 10.909063339233398, 10.398737907409668, 10.482414245605469, 9.942061424255371, 10.001594543457031, 9.675397872924805, 9.606386184692383, 9.431386947631836, 9.624368667602539, 9.674257278442383, 9.130331993103027, 8.946569442749023, 9.144244194030762, 9.043623924255371, 8.680011749267578, 9.016242980957031, 8.690996170043945, 8.85968017578125, 8.858434677124023, 8.524209976196289, 8.348433494567871, 8.606417655944824, 8.46535873413086, 8.475835800170898, 8.439288139343262, 8.316455841064453, 8.461212158203125, 8.56333065032959, 8.48465347290039, 8.458685874938965, 8.307414054870605, 8.462167739868164, 8.31523323059082, 8.340755462646484, 8.254916191101074, 8.391448020935059, 8.241371154785156, 8.139641761779785, 8.404343605041504, 8.217179298400879, 8.22909927368164, 8.290241241455078, 8.302363395690918, 8.300376892089844, 8.36301040649414, 8.093018531799316, 8.117950439453125, 7.952176570892334, 8.26982307434082, 8.040689468383789, 8.293509483337402, 7.9488725662231445, 8.155386924743652, 7.990114688873291, 7.947057247161865, 8.123425483703613, 8.214048385620117, 7.911890029907227, 8.023602485656738, 8.001238822937012, 7.86551570892334, 8.153611183166504, 8.138167381286621, 7.863528728485107, 8.100360870361328, 8.009410858154297, 7.885468006134033, 7.88850212097168, 7.89394998550415, 7.837599754333496, 7.785419940948486, 7.897898197174072, 8.075672149658203, 7.836123466491699, 7.805240154266357, 8.128117561340332, 7.923062324523926, 7.796442031860352, 7.98807954788208, 7.994976997375488, 7.925106525421143, 7.955535888671875, 7.807778835296631, 7.8546671867370605]
--- Test Loss: [41.306111063173724, 35.81383557930666, 31.7303090550122, 28.521636194066154, 25.820497599867316, 23.514390832169834, 21.558107948314838, 19.960024420540222, 18.470407735810632, 17.305617570745703, 16.319650145562186, 15.4110579270953, 14.73006749414328, 14.191996876992018, 13.644622083100208, 13.230574831298219, 12.876601401463379, 12.598871602996551, 12.418152451758248, 12.145862321336994, 12.048732630098302, 11.926941593617732, 11.718731735640688, 11.613373305727714, 11.393486690259408, 11.256165844293525, 11.171096103100039, 11.03167313095499, 10.826837236052906, 10.78042297302914, 10.677891805759108, 10.650082676002626, 10.612752019780263, 10.553667579794524, 10.557289088461081, 10.52241426425442, 10.564424682473378, 10.428746545188861, 10.497871420790592, 10.414377542002363, 10.360531844551497, 10.34108138077942, 10.365697220577582, 10.391356923496724, 10.386644678515355, 10.43085066632658, 10.362093176673731, 10.358547626966267, 10.321976135867038, 10.31232709942382, 10.215324107533288, 10.178461810728647, 10.225892203011377, 10.186498116684275, 10.162254089237003, 10.125677227892549, 10.103912772425122, 10.096952719354826, 10.167433372596156, 10.109568311392248, 10.116720499333368, 10.050527740926253, 10.11937385469666, 10.0358841958024, 10.03935461642038, 10.046748929634003, 10.010365911779521, 10.005049575080687, 9.986379094464569, 10.016358247257989, 9.942409544756883, 9.980354617827999, 9.972341885299011, 9.986365964315848, 9.986435035782838, 9.896184619835745, 9.936505570773951, 9.931877245150519, 9.87308928012426, 9.822949039245968, 9.817976980187822, 9.834578838981095, 9.863534538233687, 9.808134095530578, 9.796791871913264, 9.925581151535724, 9.805000558050141, 9.853477407331912, 9.839711158758426, 9.813621517724012, 9.802669877155823, 9.774485288799854, 9.745446830989513, 9.788534760184087, 9.715689916889994, 9.726604716121685, 9.649520930677284, 9.722894332385396, 9.716977352610966, 9.712073609666815]
>> 5layers, Epoch: 100, LR: 0.001, DR: 0
--- Train Loss: [13.312716484069824, 9.933555603027344, 9.481168746948242, 8.944911003112793, 8.789961814880371, 8.667704582214355, 8.5683012008667, 8.224785804748535, 8.287195205688477, 8.07286548614502, 7.955790042877197, 7.878562927246094, 7.839382648468018, 7.757224082946777, 7.546595573425293, 7.795797348022461, 7.706775188446045, 7.624781608581543, 7.586441993713379, 7.604291915893555, 7.648647308349609, 7.646409034729004, 7.441061973571777, 7.413418292999268, 7.489391326904297, 7.343465328216553, 7.355947017669678, 7.412552833557129, 7.504292964935303, 7.294572353363037, 7.344783782958984, 7.439099311828613, 7.271951198577881, 7.248103618621826, 7.375748634338379, 7.294003963470459, 7.33422327041626, 7.284272193908691, 7.3276143074035645, 7.334109783172607, 7.166947364807129, 7.243172645568848, 7.231739044189453, 7.13443660736084, 7.260101318359375, 7.29641056060791, 7.255578994750977, 7.149557113647461, 7.103825092315674, 7.128536224365234, 7.175262451171875, 7.14184045791626, 7.186160564422607, 7.115489959716797, 7.12210750579834, 7.096959590911865, 7.1953535079956055, 7.0291290283203125, 7.174862861633301, 7.028064250946045, 7.06707763671875, 7.209014415740967, 7.071800231933594, 7.070842742919922, 7.033144474029541, 7.067006587982178, 6.9874467849731445, 7.063036918640137, 6.995728492736816, 7.090854644775391, 6.999403953552246, 7.006063461303711, 7.133341312408447, 7.0166826248168945, 6.982489109039307, 7.000011444091797, 7.124508380889893, 7.097908973693848, 6.954258918762207, 7.016677379608154, 7.01602029800415, 6.953863620758057, 7.024320125579834, 7.049498558044434, 7.050530433654785, 7.042633056640625, 7.045830249786377, 6.996544361114502, 6.977738380432129, 7.011455535888672, 7.007226943969727, 6.9186625480651855, 6.965050220489502, 7.013305187225342, 6.963616847991943, 6.94813871383667, 6.935496807098389, 6.960244178771973, 7.053926944732666, 6.986441135406494]
--- Test Loss: [10.580128427154566, 10.214313925879127, 9.743846800827171, 10.104673760657617, 9.84443115881288, 9.307850682299321, 9.254818341845004, 9.01865520455076, 9.205009602199537, 9.200403993217265, 9.122708901887043, 9.223630887896798, 9.437353196827784, 8.914167465284411, 9.914458837023906, 9.231590231772357, 9.417595388197388, 9.671347814049893, 9.061467215938817, 9.114456950242054, 9.261565491959603, 9.008131295916236, 9.172080824596943, 9.084613073828717, 9.014170752655923, 9.239744955785984, 9.20208390716078, 9.191130213835935, 9.23852156269418, 9.274084495980775, 9.171776852201665, 9.10483824435781, 8.988228861737133, 9.330881592323568, 9.205619334815191, 8.995065463656431, 8.913555457525936, 9.034078137540119, 9.044647652016568, 8.921335672934417, 9.18227518001886, 9.168061910422107, 9.027199343828322, 9.151079076134113, 9.222207474484625, 9.196203525831667, 8.939333995416355, 8.913925989064037, 9.040202577205957, 9.15547086809189, 9.080546152191598, 8.912046780274556, 8.980526164177787, 9.068524857161746, 9.114024278415867, 9.072555087520705, 9.111430935292251, 8.836707923710618, 9.115749740106212, 9.193779145246838, 9.349017893169924, 9.015269188055234, 9.060211069309117, 8.954513525315352, 9.032413740688664, 8.995001281900771, 9.146263914649587, 9.171003631679246, 9.22631724191282, 9.160043433939432, 9.087558793821222, 8.97819421675341, 8.84193572614418, 8.887898234176202, 8.980767174850207, 8.91273879052208, 8.87476176688834, 8.9487796551257, 8.92531229244221, 8.980567478921706, 8.827512606274324, 9.064486548004952, 9.186908054005471, 8.938648168415245, 8.9956090577482, 8.960923505751078, 9.001716199941761, 8.873981284016457, 8.926535240677175, 8.883629416462014, 8.84715544103698, 9.08803037069788, 8.94116132486724, 8.96875811902637, 8.916672158643488, 8.864054984656086, 8.92136049870616, 8.760579266782212, 8.977706669925459, 9.047759293234673]
>> 5layers, Epoch: 100, LR: 0.1, DR: 0
--- Train Loss: [13.377545356750488, 10.874459266662598, 9.957069396972656, 9.648591995239258, 9.063875198364258, 8.538820266723633, 8.624181747436523, 8.330923080444336, 8.140034675598145, 8.152118682861328, 8.28541088104248, 8.197713851928711, 8.125972747802734, 8.587936401367188, 8.308513641357422, 8.029792785644531, 8.013608932495117, 8.131006240844727, 8.111686706542969, 8.158746719360352, 8.108804702758789, 8.321137428283691, 8.11703872680664, 8.140088081359863, 8.016383171081543, 8.049736976623535, 7.924655437469482, 8.068415641784668, 7.958091735839844, 8.086750984191895, 7.960333824157715, 7.958063125610352, 8.022527694702148, 7.936786651611328, 7.9188995361328125, 8.052661895751953, 7.920236110687256, 8.145651817321777, 7.924379348754883, 7.953093528747559, 7.948492050170898, 7.855586051940918, 7.863051891326904, 7.890812397003174, 7.9145965576171875, 7.812720775604248, 8.188093185424805, 7.961433410644531, 7.761233806610107, 7.820626258850098, 7.79779577255249, 7.788761138916016, 7.826964378356934, 7.932054042816162, 7.991292476654053, 7.745189189910889, 7.967479228973389, 7.787438869476318, 7.7906975746154785, 7.769048690795898, 7.884797096252441, 7.766251087188721, 7.873404026031494, 7.720378398895264, 7.918561935424805, 7.776626110076904, 7.7189555168151855, 7.715760231018066, 7.874390602111816, 7.970632553100586, 7.771728992462158, 7.783524513244629, 7.722321510314941, 7.74709939956665, 7.708205699920654, 7.764248371124268, 7.787033557891846, 7.73757791519165, 7.774650573730469, 7.860262393951416, 7.798363208770752, 7.73392915725708, 7.7197065353393555, 7.703118324279785, 7.799354553222656, 7.7546563148498535, 7.7113037109375, 7.859338760375977, 7.684133529663086, 7.667571544647217, 7.649741172790527, 7.760486125946045, 7.709199905395508, 7.693070411682129, 7.653993606567383, 7.755480766296387, 7.614973545074463, 7.733850002288818, 7.739085674285889, 7.705592632293701]
--- Test Loss: [11.26058686657691, 11.127537559637306, 10.25308405566156, 9.719980918996493, 9.522319788629172, 11.080715023164142, 9.37834254063124, 9.317209263475075, 9.119826137728179, 9.426675657573801, 9.499802341950325, 9.500432385486297, 9.142024584424444, 9.182544474637407, 9.234942621371324, 9.329949144005887, 9.202160189126998, 9.510890130641707, 9.575068152700611, 8.968707695507101, 9.510287081707219, 9.589124260553238, 9.732349937988463, 9.227301960097805, 9.206054509051343, 9.247540008216365, 9.231150747006145, 9.369817874606495, 9.015473219653076, 9.218281773511615, 9.029490500163055, 9.008634149997011, 9.255048480252206, 9.035734987167425, 9.312313152732422, 9.183302952465391, 8.907039062772972, 9.256166199283685, 9.562006988107717, 9.355383875743577, 9.01176243109395, 8.847779840109007, 9.064686428902174, 8.989355569206579, 9.09312285921487, 9.193663880506737, 9.144504181021269, 9.306901019208274, 8.932784224615176, 8.948705754075027, 9.223870965177355, 8.76358646923061, 8.93572776042929, 9.050327652213106, 8.840584618981865, 9.19409773933615, 9.06481856293528, 9.124088699557843, 8.927275887547417, 8.974042939632387, 9.19272724945815, 8.913978650160999, 10.054540997659783, 9.538226335226678, 8.96445806436375, 9.049010961747497, 8.980054006152837, 8.949730122822423, 9.075116313565864, 9.138045373413256, 8.998820816553842, 9.127004016879004, 9.151220468632648, 9.573704049647796, 9.029655951057565, 9.52983546810384, 8.998424476156982, 9.07690263548579, 8.932052663791673, 8.996323773548275, 9.124222909512277, 9.27791212430679, 9.195324579229094, 9.073900821069811, 8.974555250547478, 8.992404726575822, 9.250080744116358, 8.795974316396798, 8.978994854438058, 8.952937039715845, 8.845363960285296, 8.936961205233995, 9.015535036080326, 9.232496795654555, 8.779879320493269, 8.925854381661068, 8.798313815151658, 8.994869768342117, 8.920105407489658, 8.942671330602499]
>> 5layers, Epoch: 50, LR: 1e-05, DR: 0
--- Train Loss: [45.01976013183594, 37.97053146362305, 33.55261993408203, 30.330055236816406, 27.556289672851562, 24.995258331298828, 23.042661666870117, 21.294713973999023, 19.447778701782227, 17.898176193237305, 16.62430191040039, 15.501978874206543, 14.551229476928711, 13.575968742370605, 13.170536041259766, 12.751908302307129, 11.68552017211914, 11.897603988647461, 11.269081115722656, 11.031302452087402, 10.635599136352539, 10.66918659210205, 10.231432914733887, 9.994982719421387, 10.025288581848145, 9.880707740783691, 9.692414283752441, 9.438050270080566, 9.221158981323242, 9.277862548828125, 9.473628997802734, 9.38326644897461, 9.072282791137695, 9.16645622253418, 8.924138069152832, 9.173333168029785, 9.030259132385254, 8.778148651123047, 8.674501419067383, 8.938919067382812, 8.608094215393066, 8.843743324279785, 8.709226608276367, 8.584464073181152, 8.672562599182129, 8.461383819580078, 8.607060432434082, 8.467208862304688, 8.335724830627441, 8.516739845275879]
--- Test Loss: [38.16305116651154, 32.998724721587394, 29.491626183599294, 26.832077072032455, 24.62683979792429, 22.643458568801343, 20.932945315179364, 19.36993946164022, 18.068391806959113, 16.78364327869849, 15.691969700150752, 14.878108134417163, 14.135654978245912, 13.503350447736075, 13.01882970972578, 12.572003298401352, 12.271423322576071, 11.982253957575999, 11.793742021287125, 11.669312424012446, 11.478386884492016, 11.444365673029864, 11.286897098167097, 11.14017005513069, 11.009237016279506, 10.890553371497978, 10.788020572125918, 10.677321156084275, 10.679901014503326, 10.573738324071597, 10.495481376114085, 10.410988983146753, 10.396867616056635, 10.423108558002557, 10.434436054434624, 10.34571459740344, 10.301235105703983, 10.34665086352107, 10.352789670801311, 10.228046313857245, 10.288061092758653, 10.243332772827662, 10.236343409335923, 10.197918860542954, 10.14542395576061, 10.179138530919074, 10.14366010358647, 10.16578672444133, 10.209112888622228, 10.217183853203043]
>> 5layers, Epoch: 50, LR: 1e-05, DR: 0
--- Train Loss: [49.71267318725586, 42.0064697265625, 37.264156341552734, 33.39341735839844, 30.231578826904297, 27.703231811523438, 25.64017105102539, 23.11857032775879, 21.62228775024414, 19.95920753479004, 18.444637298583984, 17.292470932006836, 15.911375999450684, 15.147754669189453, 14.163901329040527, 12.986541748046875, 12.674663543701172, 11.748153686523438, 11.909260749816895, 11.00175666809082, 10.737786293029785, 11.132545471191406, 10.44192886352539, 10.164881706237793, 10.645387649536133, 9.941580772399902, 9.899092674255371, 9.757384300231934, 9.120711326599121, 9.367162704467773, 9.221485137939453, 9.234859466552734, 9.022130012512207, 8.950660705566406, 8.837084770202637, 9.127204895019531, 8.637039184570312, 9.291460990905762, 8.781523704528809, 8.885488510131836, 8.667235374450684, 8.896123886108398, 8.595882415771484, 8.5267333984375, 8.67551040649414, 8.700825691223145, 8.608696937561035, 8.274872779846191, 8.449893951416016, 8.634138107299805]
--- Test Loss: [42.51628541267506, 36.55283335531358, 32.72240679481342, 29.663549918256905, 27.147210302395564, 24.89956666911037, 22.927332268373508, 21.173544529224355, 19.65425453368562, 18.29291172834848, 17.07323249313423, 16.019897586987657, 15.065986055928924, 14.300236597707249, 13.56605383089427, 12.955070609623174, 12.533191576492712, 12.178144751503313, 11.843413936747439, 11.62619810021155, 11.460015299293694, 11.366474870775683, 11.193985626413847, 11.139814961785776, 10.940266802917634, 10.857623836070513, 10.719979508785903, 10.661172384186132, 10.637131103490745, 10.625441574591141, 10.51992127219655, 10.449200343516683, 10.431442596480185, 10.425396430105193, 10.398301261982372, 10.352579214901144, 10.377278909673098, 10.327292155694117, 10.332151833496718, 10.22865666414393, 10.292078020585084, 10.252562273242408, 10.227103968999556, 10.295714124148432, 10.257667206560015, 10.313414576008322, 10.217298651214154, 10.235357840155608, 10.217425584168264, 10.203509562029387]
>> 5layers, Epoch: 50, LR: 0.0001, DR: 0
--- Train Loss: [28.479272842407227, 14.1055908203125, 10.810259819030762, 9.383180618286133, 8.84459114074707, 8.779899597167969, 8.749590873718262, 8.567601203918457, 8.855731964111328, 8.594264030456543, 8.61439037322998, 8.268257141113281, 7.923088073730469, 8.12651538848877, 8.166572570800781, 7.9804158210754395, 8.041231155395508, 8.099858283996582, 7.980690956115723, 7.862607479095459, 8.07156753540039, 7.848415851593018, 7.732451915740967, 7.744159698486328, 7.842735767364502, 7.8693718910217285, 7.713012218475342, 7.724460124969482, 7.681859493255615, 7.691478252410889, 7.609969139099121, 7.6057353019714355, 7.774804592132568, 7.608718395233154, 7.587198257446289, 7.538991928100586, 7.386236667633057, 7.424758434295654, 7.408595561981201, 7.541321754455566, 7.435252666473389, 7.489763259887695, 7.414212226867676, 7.449980735778809, 7.36845064163208, 7.391968727111816, 7.205224514007568, 7.382033348083496, 7.387991428375244, 7.38117790222168]
--- Test Loss: [17.256845488586393, 11.994071660673937, 10.641987481298653, 10.691577350380221, 10.410885463067338, 10.622709711968895, 10.50901704658749, 10.078133734375852, 10.620770531876602, 10.509285399182948, 10.268118142656375, 10.454987144148767, 10.052551404309444, 10.147716707546952, 10.160344189405468, 10.283203322908705, 10.448109740550203, 10.32273311739555, 10.419470671065502, 10.311440914052648, 10.186764773506182, 10.138665629950731, 10.006639644924904, 10.106926609391728, 10.04114199430571, 10.192830386138356, 10.003177000906687, 10.114421628155227, 10.169014907921122, 9.797651321022007, 9.93814488035087, 9.98818340054335, 9.896373522355113, 10.055176018467542, 9.860004181950096, 9.936807479656924, 9.815172981703805, 9.694339251114176, 9.948779489390198, 9.84770046649187, 9.927816684004563, 10.116609488603368, 9.77803004276539, 9.697714530665221, 9.818531049852414, 10.051121786598218, 9.722614023662778, 10.071293869860764, 10.13387922132495, 10.165419612655484]
>> 5layers, Epoch: 50, LR: 0.001, DR: 0
--- Train Loss: [13.228853225708008, 10.369016647338867, 9.266366004943848, 9.169694900512695, 8.828675270080566, 8.790802001953125, 8.44035816192627, 8.401880264282227, 8.294840812683105, 7.979711055755615, 8.03421401977539, 8.061296463012695, 8.019740104675293, 7.728388786315918, 7.767188549041748, 7.745031833648682, 7.81082010269165, 7.851576328277588, 7.693382740020752, 7.564029216766357, 7.567707538604736, 7.566005706787109, 7.570822715759277, 7.456657409667969, 7.5519819259643555, 7.437516689300537, 7.601032733917236, 7.3863935470581055, 7.356927394866943, 7.406586647033691, 7.439596652984619, 7.316842555999756, 7.5465521812438965, 7.3136773109436035, 7.479298114776611, 7.247358798980713, 7.275278091430664, 7.320508003234863, 7.2536139488220215, 7.233765602111816, 7.248785972595215, 7.177886486053467, 7.323940753936768, 7.266283988952637, 7.173152446746826, 7.1952667236328125, 7.432223796844482, 7.213120937347412, 7.137414455413818, 7.193650245666504]
--- Test Loss: [10.612558539401546, 10.66690769409224, 9.970832510765364, 10.360519060299442, 9.823233943068407, 10.365587287888234, 9.577537063880097, 9.51135156647554, 9.442962883480313, 9.933268908616256, 9.649771276509068, 9.843465195644145, 9.84516803760019, 10.367840426377274, 9.663993381108824, 9.702660976193378, 9.44234286339041, 9.50551164508787, 9.35388875441472, 9.385920523033917, 9.41851985190914, 9.468395421713822, 9.901521592174358, 9.352445667195258, 9.713706024399631, 10.060823077611252, 10.550099647305215, 9.467575465104662, 10.157718435475898, 9.77057700868306, 9.603953162487091, 9.518398131468036, 9.61993416507131, 9.56039931292989, 9.436154938014766, 9.643343223658304, 9.621032867863804, 9.399172362639508, 9.35266284285776, 9.648729627260126, 9.358128373099673, 9.55490403584584, 10.081885019086544, 9.486689353952038, 9.424739622769676, 9.349697284047801, 9.389233174436994, 9.821448705653506, 9.746494773992502, 9.479649297084608]
>> 5layers, Epoch: 50, LR: 0.01, DR: 0
--- Train Loss: [12.752388954162598, 10.252345085144043, 9.61842155456543, 8.924310684204102, 8.841652870178223, 8.639752388000488, 8.80384349822998, 8.612845420837402, 8.387284278869629, 8.349072456359863, 8.315581321716309, 8.410370826721191, 8.122978210449219, 8.085367202758789, 8.033711433410645, 8.126786231994629, 7.969109058380127, 7.937060356140137, 8.29685115814209, 7.966867923736572, 8.023816108703613, 7.886819839477539, 7.89532470703125, 7.795753002166748, 8.269434928894043, 7.82001256942749, 7.769672393798828, 7.975161552429199, 7.649467945098877, 7.62723970413208, 7.770994663238525, 7.671202659606934, 7.681777477264404, 7.725353240966797, 7.575438499450684, 7.757759094238281, 7.566168785095215, 7.579641342163086, 7.549571990966797, 7.482964038848877, 7.482690811157227, 7.47955322265625, 7.538005352020264, 7.6615681648254395, 7.671667098999023, 7.5031867027282715, 7.494836330413818, 7.386998176574707, 7.543191909790039, 7.414857864379883]
--- Test Loss: [11.314193996592586, 10.537410256763602, 9.94417007826462, 9.651387073480848, 9.820289166591943, 9.447108974276615, 9.837858755425724, 10.501065650207416, 9.289896158750741, 10.810264236246997, 9.422763950896995, 9.519078022793426, 10.545682357200436, 10.213896643632669, 10.28027429376923, 10.059898820452501, 9.15304607635231, 9.643803406060906, 9.988277095807668, 9.87032299995922, 9.802490936325803, 9.297107560320455, 9.247721917373632, 10.122347066057173, 9.31837562700504, 9.481034100513327, 9.950992058831744, 9.26292165634318, 9.703435595032195, 9.310475104927912, 11.125096295321768, 9.542335677832126, 9.984357028189352, 9.256139481068807, 9.488354407504355, 9.789311550278764, 9.351201753079776, 9.47936789864679, 9.913083349515885, 9.32502579053312, 9.434356602320591, 9.23887245573045, 10.15485517731303, 9.658058313026672, 9.498240248074717, 9.563035182000652, 9.586895458572927, 9.29653818364161, 9.443694856940215, 9.445039235878342]
>> 5layers, Epoch: 50, LR: 0.1, DR: 0
--- Train Loss: [13.890493392944336, 10.511832237243652, 9.676837921142578, 9.157824516296387, 8.674241065979004, 8.620488166809082, 8.511164665222168, 8.74868106842041, 8.463177680969238, 8.486162185668945, 8.65746021270752, 8.455611228942871, 8.355189323425293, 8.392769813537598, 8.710770606994629, 8.29168701171875, 8.199894905090332, 8.259424209594727, 8.056525230407715, 8.328668594360352, 8.139460563659668, 8.079299926757812, 8.055521011352539, 8.134024620056152, 8.283062934875488, 8.417852401733398, 8.10871410369873, 8.142053604125977, 8.057608604431152, 8.087803840637207, 8.058905601501465, 7.994329929351807, 8.098282814025879, 8.05573844909668, 8.085868835449219, 7.941989421844482, 7.949481964111328, 7.943177223205566, 7.976378917694092, 7.9171648025512695, 7.880638122558594, 7.910126686096191, 8.020939826965332, 7.948088645935059, 8.019819259643555, 7.845196723937988, 8.009472846984863, 7.993999481201172, 7.818691253662109, 8.067964553833008]
--- Test Loss: [11.569071175702895, 10.928302181840838, 10.33604738157271, 10.249275274446804, 9.821263400568872, 10.109674587157853, 10.041782802851511, 9.857329914761154, 9.803410586866661, 10.43945950053675, 9.344134548831578, 9.324838510581865, 9.632980101514786, 9.751292138697572, 9.328783743749586, 9.341861475167414, 9.768387468785308, 9.56723523516208, 9.653919109660006, 9.46929402005008, 10.038386020688984, 9.786826142965092, 9.709228616892684, 10.247635033615289, 9.650683754440015, 9.616261550159694, 9.819422312399007, 9.440961864474701, 9.670952180378949, 9.410761112200346, 9.656020353787007, 9.711565438872444, 9.368462517117267, 9.285413048822841, 9.494417502014619, 10.745318238621172, 9.359750852507963, 9.667507130027717, 9.635090738441964, 9.60433688814056, 10.473981671971462, 9.288512612817414, 9.60383433892169, 9.54070643145124, 9.746630514223272, 9.492003363613849, 9.772478231523301, 9.299975724282564, 9.180359667716045, 9.382007550199177]
